cam0:
  cam_overlaps: [1]
  camera_model: pinhole
  distortion_coeffs: [-0.4184402551204591, -0.07972438836776527, -0.0014787837374052725,
    -0.0024773602284671663]
  distortion_model: radtan
  intrinsics: [395.89687796960453, 399.7257159115331, 161.92655663105043, 126.01572110919076]
  resolution: [320, 256]
  rostopic: /flir_gige/image_calib
cam1:
  T_cn_cnm1:
  - [0.9997092340726195, 0.01710122222118037, 0.01699986789580543, -0.09228775224190508]
  - [-0.01745088258333662, 0.9996347155201499, 0.020637398673475846, 0.001703765437566245]
  - [-0.01664073336712142, -0.020928060719693803, 0.9996424872260651, -0.010985544952300058]
  - [0.0, 0.0, 0.0, 1.0]
  cam_overlaps: [0]
  camera_model: pinhole
  distortion_coeffs: [-0.4342741823220464, 0.18736622315453824, 0.00017656133468617362,
    0.0013851737691335264]
  distortion_model: radtan
  intrinsics: [670.2454651711067, 674.7361182485541, 359.4215356371462, 202.39848515828186]
  resolution: [752, 480]
  rostopic: /mv_25000855/image_raw
