cam0:
  T_cam_imu:
  - [-0.9992461981757104, 0.01750705559637331, -0.03464878693019437, -0.0922581034808056]
  - [0.017688417278813224, 0.9998313702447523, -0.0049346700671265495, -0.005033763600310301]
  - [0.03455655257051976, -0.005543832505253652, -0.999387367638592, -0.017484008134434986]
  - [0.0, 0.0, 0.0, 1.0]
  cam_overlaps: []
  camera_model: pinhole
  distortion_coeffs: [-0.42801491054353236, 0.18759190507232995, 0.0008851562691534924,
    0.0013272477943868058]
  distortion_model: radtan
  intrinsics: [628.5459279429326, 628.8162140228342, 323.08271265840176, 248.1473303282097]
  resolution: [752, 480]
  rostopic: /mv_25001185/image_raw
