cam0:
  cam_overlaps: [1]
  camera_model: pinhole
  distortion_coeffs: [-0.4016268104979482, 0.1797676325679593, 0.0007513225404337942,
    -0.0008080527157904119]
  distortion_model: radtan
  intrinsics: [635.9352017893376, 638.456031739368, 367.6981523132014, 206.46982060073856]
  resolution: [752, 480]
  rostopic: /mv_25000855/image_raw
cam1:
  T_cn_cnm1:
  - [0.9999411716797878, 0.0009624076975238882, 0.01080402476286911, 0.13404585706482167]
  - [-0.001009369549731009, 0.9999900636693859, 0.0043420888532513, 0.0001335424313050627]
  - [-0.010799738550771404, -0.004352738669068032, 0.9999322073587358, 0.012494456457456596]
  - [0.0, 0.0, 0.0, 1.0]
  cam_overlaps: [0]
  camera_model: pinhole
  distortion_coeffs: [-0.4005986732194168, 0.13906192330980796, 0.0006464764153477284,
    -0.0015036170693460385]
  distortion_model: radtan
  intrinsics: [366.3894359059401, 366.8057621277497, 150.26237199067603, 128.05363409093633]
  resolution: [320, 256]
  rostopic: /flir_gige/image_calib
