cam0:
  T_cam_imu:
  - [0.999935355900248, -0.011277952752267648, -0.0014463064552017039, -0.004304736736362551]
  - [0.011283444192961286, 0.9999289410683566, 0.0038466480291048455, -0.04703775904934357]
  - [0.0014028213674833199, -0.0038627186841791285, 0.9999915557126361, -0.032479410274087274]
  - [0.0, 0.0, 0.0, 1.0]
  cam_overlaps: []
  camera_model: pinhole
  distortion_coeffs: [-0.41149862938361276, 0.17881595184505417, 0.0005665471106250016,
    -0.0007687372008809686]
  distortion_model: radtan
  intrinsics: [646.4368927610903, 645.6059715614325, 372.54441459764547, 209.58137045753816]
  resolution: [752, 480]
  rostopic: /mv_25000855/image_raw
