cam0:
  cam_overlaps: [1]
  camera_model: pinhole
  distortion_coeffs: [-0.40158588341062845, 0.15193806404905386, 0.00012261199959403578,
    0.0007431158844966939]
  distortion_model: radtan
  intrinsics: [643.3282017796043, 640.8623040361383, 368.0822127910208, 218.70566590250095]
  resolution: [752, 480]
  rostopic: /mv_25000855/image_raw
cam1:
  T_cn_cnm1:
  - [0.9999186033715607, -0.0014439527159659823, -0.012676814742850076, 0.04397003354324555]
  - [0.001447989019023765, 0.9999989038523633, 0.00030922786981524666, 0.0011277787355312434]
  - [0.012676354336767065, -0.00032755858825306923, 0.999919598140822, -0.0020469448584775024]
  - [0.0, 0.0, 0.0, 1.0]
  cam_overlaps: [0]
  camera_model: pinhole
  distortion_coeffs: [-0.39529549204578607, 0.14545169714887418, -0.0002663995026731112,
    0.00203486327277253]
  distortion_model: radtan
  intrinsics: [1025.12668305966, 1020.2385934436525, 613.5373949702447, 454.57619497032226]
  resolution: [1280, 960]
  rostopic: /mv_29900189/image_raw
