cam0:
  cam_overlaps: [1]
  camera_model: pinhole
  distortion_coeffs: [-0.4030647025913655, 0.16023916263694857, 0.0003246823036511133,
    -0.004610438265992927]
  distortion_model: radtan
  intrinsics: [647.2656898484579, 649.0933656928657, 390.8711841857784, 215.98476344783214]
  resolution: [752, 480]
  rostopic: /mv_25000855/image_raw
cam1:
  T_cn_cnm1:
  - [0.999828705783048, -0.00030912411624790483, 0.018505770302113176, 0.047982189038605905]
  - [0.00033511566704223116, 0.9999989618507368, -0.0014014260369677254, 0.00042624442679665677]
  - [-0.01850531787577622, 0.001407387554351031, 0.9998277714039489, -0.006193423475104289]
  - [0.0, 0.0, 0.0, 1.0]
  cam_overlaps: [0]
  camera_model: pinhole
  distortion_coeffs: [-0.39142184683490344, 0.14068864688994337, -0.0016757364401252934,
    0.0036429947290431506]
  distortion_model: radtan
  intrinsics: [1021.7558431545006, 1015.6949917703968, 604.028250836118, 456.8341843449798]
  resolution: [1280, 960]
  rostopic: /mv_29900189/image_raw
