cam0:
  cam_overlaps: [1]
  camera_model: pinhole
  distortion_coeffs: [-0.4150876970453825, 0.1544675808423925, -0.0007480367219197646,
    -0.0002455425503654688]
  distortion_model: radtan
  intrinsics: [625.1584150423159, 624.5917402672009, 334.6549531726565, 254.14443936517756]
  resolution: [752, 480]
  rostopic: /mv_25001185/image_raw
cam1:
  T_cn_cnm1:
  - [0.9999882954864142, -0.0014922491280435265, 0.004602399669084855, -0.04181013278890601]
  - [0.0014857406978662094, 0.999997892009851, 0.001417233372158503, 0.0006551905986357471]
  - [-0.004604504832535532, -0.00141037881163504, 0.9999884046162, 0.0012859065728186496]
  - [0.0, 0.0, 0.0, 1.0]
  cam_overlaps: [0]
  camera_model: pinhole
  distortion_coeffs: [-0.43064652710007617, 0.17984833163229588, -0.0007353283109832058,
    0.0014133870980989143]
  distortion_model: radtan
  intrinsics: [1010.370433968164, 1011.0301309390937, 654.6815400010573, 465.18137269554876]
  resolution: [1280, 960]
  rostopic: /mv_29900130/image_raw
