gps_covariance_scale_factor: 1.0
reference:
    latitude: 46.7117073
    longitude: -119.1506528
