image_width: 1920
image_height: 1200
camera_name: pg_15122690
camera_matrix:
  rows: 3
  cols: 3
  data: [836.5056606754678, 0, 948.5188186787838, 0, 838.4987611440782, 606.8261583221188, 0, 0, 1]
distortion_model: rational_polynomial
distortion_coefficients:
  rows: 1
  cols: 8
  data: [-0.2585137243974888, -0.095446600224742, -0.001116093266954886, 0.0005909949191815966, 0.05323961655862904, 0.0009657638429183078, -0.2498186570524618, 0.08823374909140218]
rectification_matrix:
  rows: 3
  cols: 3
  data: [1, 0, 0, 0, 1, 0, 0, 0, 1]
projection_matrix:
  rows: 3
  cols: 4
  data: [599.325439453125, 0, 949.3344916464121, 0, 0, 732.5054931640625, 605.7755534651005, 0, 0, 0, 1, 0]