name: "Newport 670nm Narrowpass Filter"
center: 670.0
fwhm: 12.0
min_peak_transmission: 0.5
spectrum:
  wavelengths: [651.000000, 651.500000, 652.000000, 652.500000, 653.000000, 653.500000, 654.000000, 654.500000, 655.000000, 655.500000, 656.000000, 656.500000, 657.000000, 657.500000, 658.000000, 658.500000, 659.000000, 659.500000, 660.000000, 660.500000, 661.000000, 661.500000, 662.000000, 662.500000, 663.000000, 663.500000, 664.000000, 664.500000, 665.000000, 665.500000, 666.000000, 666.500000, 667.000000, 667.500000, 668.000000, 668.500000, 669.000000, 669.500000, 670.000000, 670.500000, 671.000000, 671.500000, 672.000000, 672.500000, 673.000000, 673.500000, 674.000000, 674.500000, 675.000000, 675.500000, 676.000000, 676.500000, 677.000000, 677.500000, 678.000000, 678.500000, 679.000000, 679.500000, 680.000000, 680.500000, 681.000000, 681.500000, 682.000000, 682.500000, 683.000000, 683.500000, 684.000000, 684.500000, 685.000000, 685.500000, 686.000000, 686.500000, 687.000000, 687.500000, 688.000000, 688.500000, 689.000000]
  intensities: [0.000000, 0.000000, 0.000000, 0.000000, 0.000000, 0.000000, 0.000000, 0.000000, 0.000000, 0.000000, 0.000000, 0.000000, 0.000000, 0.000000, 0.000000, 0.000000, 0.000000, 0.000000, 0.000000, 0.000000, 0.023520, 0.053541, 0.085739, 0.119694, 0.154947, 0.190999, 0.227324, 0.263382, 0.298622, 0.332498, 0.364477, 0.394048, 0.420735, 0.444106, 0.463777, 0.479426, 0.490792, 0.497688, 0.500000, 0.497688, 0.490792, 0.479426, 0.463777, 0.444106, 0.420735, 0.394048, 0.364477, 0.332498, 0.298622, 0.263382, 0.227324, 0.190999, 0.154947, 0.119694, 0.085739, 0.053541, 0.023520, 0.000000, 0.000000, 0.000000, 0.000000, 0.000000, 0.000000, 0.000000, 0.000000, 0.000000, 0.000000, 0.000000, 0.000000, 0.000000, 0.000000, 0.000000, 0.000000, 0.000000, 0.000000, 0.000000, 0.000000]
