image_width: 752
image_height: 480
camera_name: mv_25001185
camera_matrix:
  rows: 3
  cols: 3
  data: [618.2933018273477, 0, 374.1350494457481, 0, 618.3222031788645, 227.1068114259168, 0, 0, 1]
distortion_model: plumb_bob
distortion_coefficients:
  rows: 1
  cols: 5
  data: [-0.4160226106328624, 0.2667115585269629, 0.000608698086898135, 0.0002686469151475028, -0.1203616650830076]
rectification_matrix:
  rows: 3
  cols: 3
  data: [1, 0, 0, 0, 1, 0, 0, 0, 1]
projection_matrix:
  rows: 3
  cols: 4
  data: [516.90380859375, 0, 373.2298153752345, 0, 0, 577.0399169921875, 225.0525929983523, 0, 0, 0, 1, 0]