image_width: 1280
image_height: 960
camera_name: pg_14472242
camera_matrix:
  rows: 3
  cols: 3
  data: [689.4099791336896, 0, 627.5143246216097, 0, 689.45560830958, 486.3389386527465, 0, 0, 1]
distortion_model: plumb_bob
distortion_coefficients:
  rows: 1
  cols: 5
  data: [-0.3608634857352181, 0.173081454545321, -0.0002156184446041082, -0.0002356919108367541, -0.04425477137617304]
rectification_matrix:
  rows: 3
  cols: 3
  data: [0.9998711980418046, 0.01493948215716318, -0.005865083061838837, -0.01494340329531609, 0.9998881455922641, -0.0006253015407077318, 0.005855085345236379, 0.000712865302198388, 0.999982604748033]
projection_matrix:
  rows: 3
  cols: 4
  data: [718.7541867579682, 0, 641.6703643798828, 0, 0, 718.7541867579682, 481.3822650909424, 0, 0, 0, 1, 0]