image_width: 1280
image_height: 1024
camera_name: pg_14472242
camera_matrix:
  rows: 3
  cols: 3
  data: [695.7667064516285, 0, 648.581131124713, 0, 699.5459161526509, 513.411894849391, 0, 0, 1]
distortion_model: plumb_bob
distortion_coefficients:
  rows: 1
  cols: 5
  data: [-0.3031283454871689, 0.07392013603367836, 0.0001204854245170672, -0.002282891217021324, 0]
rectification_matrix:
  rows: 3
  cols: 3
  data: [0.9980269270903056, 0.02412683669711231, 0.05796678836775913, -0.02380709425797236, 0.9996973432629329, -0.006200333541478639, -0.05809883876355637, 0.004808079036833712, 0.9982992573924424]
projection_matrix:
  rows: 3
  cols: 4
  data: [560.7611219490268, 0, 586.5318984985352, 0, 0, 560.7611219490268, 517.5240478515625, 0, 0, 0, 1, 0]