image_width: 1280
image_height: 960
camera_name: pg_13344889
camera_matrix:
  rows: 3
  cols: 3
  data: [690.9964126127687, 0, 621.6956622088372, 0, 691.7215229982287, 487.093580919053, 0, 0, 1]
distortion_model: plumb_bob
distortion_coefficients:
  rows: 1
  cols: 5
  data: [-0.3409762593771137, 0.1326291751475993, 0.0004009171500906342, 0.0006251251895889406, -0.0240293339428573]
rectification_matrix:
  rows: 3
  cols: 3
  data: [0.9998541161923631, 0.01107081384289776, -0.01300705247334713, -0.01106210796365991, 0.9999385383971322, 0.000741077328932862, 0.01301445736820533, -0.0005970837990012312, 0.9999151300937235]
projection_matrix:
  rows: 3
  cols: 4
  data: [718.7541867579682, 0, 641.6703643798828, -61.32422913362334, 0, 718.7541867579682, 481.3822650909424, 0, 0, 0, 1, 0]