image_width: 752
image_height: 480
camera_name: mv_25000855
camera_matrix:
  rows: 3
  cols: 3
  data: [618.0807354539759, 0, 355.6533757291659, 0, 619.8214374704997, 232.410632926426, 0, 0, 1]
distortion_model: plumb_bob
distortion_coefficients:
  rows: 1
  cols: 5
  data: [-0.3988560977043051, 0.1636684213901416, -0.0006091092485056489, 0.0005387081012270503, 0]
rectification_matrix:
  rows: 3
  cols: 3
  data: [0.9999977791738566, 0.0006279450257490996, -0.002011798299799365, -0.0006269667958968174, 0.9999996849495507, 0.0004868402574272325, 0.002012103374899394, -0.0004855778455056454, 0.9999978578247878]
projection_matrix:
  rows: 3
  cols: 4
  data: [614.424384464114, 0, 360.2344551086426, 0, 0, 614.424384464114, 242.1002197265625, 0, 0, 0, 1, 0]