image_width: 752
image_height: 480
camera_name: mv_25001110
camera_matrix:
  rows: 3
  cols: 3
  data: [622.7560685007163, 0, 380.3683868756037, 0, 623.8117470270397, 245.8328562021898, 0, 0, 1]
distortion_model: plumb_bob
distortion_coefficients:
  rows: 1
  cols: 5
  data: [-0.3978731402770014, 0.1673899387603193, 0.001474709324486305, -0.00183183051422001, 0]
rectification_matrix:
  rows: 3
  cols: 3
  data: [0.9998660034781002, 0.0008483624457004646, -0.01634794696261337, -0.0008641383974039509, 0.9999991677774348, -0.0009579714337206523, 0.0163471206504946, 0.0009719699575695717, 0.9998659044696141]
projection_matrix:
  rows: 3
  cols: 4
  data: [612.2793406726745, 0, 384.3021965026855, -67.29451983766643, 0, 612.2793406726745, 236.8638744354248, 0, 0, 0, 1, 0]