image_width: 752
image_height: 480
camera_name: mv_25001110
camera_matrix:
  rows: 3
  cols: 3
  data: [621.2556811779906, 0, 375.7381987149291, 0, 621.7809206808438, 245.7149388021998, 0, 0, 1]
distortion_model: plumb_bob
distortion_coefficients:
  rows: 1
  cols: 5
  data: [-0.3865559505235535, 0.1539308832583929, 0.0002347045286194272, -0.0009577060918201938, 0]
rectification_matrix:
  rows: 3
  cols: 3
  data: [0.9999413100093049, 0.004569145049434966, -0.009823413377877011, -0.004536743794726567, 0.9999842038669561, 0.003318127832211395, 0.009838419213290282, -0.003273366781634673, 0.9999462438437861]
projection_matrix:
  rows: 3
  cols: 4
  data: [610.0436693609868, 0, 369.9457473754883, -67.01076384585795, 0, 610.0436693609868, 233.741174697876, 0, 0, 0, 1, 0]