image_width: 752
image_height: 480
camera_name: mv_25000855
camera_matrix:
  rows: 3
  cols: 3
  data: [614.0548627448798, 0, 342.8218354194314, 0, 614.0958029511537, 229.2233051201437, 0, 0, 1]
distortion_model: plumb_bob
distortion_coefficients:
  rows: 1
  cols: 5
  data: [-0.3899446933417696, 0.154882998405509, -0.001270280231112197, 0.002166459857666191, 0]
rectification_matrix:
  rows: 3
  cols: 3
  data: [0.9997417154162199, 0.004198298814133687, -0.02233554887844293, -0.004070167363149894, 0.9999750179568547, 0.005779031045420008, 0.02235925298998201, -0.005686628988708715, 0.9997338276043654]
projection_matrix:
  rows: 3
  cols: 4
  data: [607.1050714512106, 0, 368.2547302246094, 0, 0, 607.1050714512106, 235.3647289276123, 0, 0, 0, 1, 0]