image_width: 752
image_height: 480
camera_name: mv_25000855
camera_matrix:
  rows: 3
  cols: 3
  data: [618.0524721284793, 0, 355.5082279920508, 0, 619.4610782215162, 227.1336601751346, 0, 0, 1]
distortion_model: plumb_bob
distortion_coefficients:
  rows: 1
  cols: 5
  data: [-0.4020703301190786, 0.1701086561369027, 1.18230570748502e-05, -0.0007141706479001548, 0]
rectification_matrix:
  rows: 3
  cols: 3
  data: [0.999371143075284, 0.000892052793213021, -0.03544746295878634, -0.0008578400897372233, 0.9999991514983573, 0.0009803636804324423, 0.03544830741771528, -0.00094933891713774, 0.9993710603458754]
projection_matrix:
  rows: 3
  cols: 4
  data: [612.2793406726745, 0, 384.3021965026855, 0, 0, 612.2793406726745, 236.8638744354248, 0, 0, 0, 1, 0]