image_width: 752
image_height: 480
camera_name: mv_25001110
camera_matrix:
  rows: 3
  cols: 3
  data: [621.707430972487, 0, 376.8874855844879, 0, 622.7136198740059, 247.527729682194, 0, 0, 1]
distortion_model: plumb_bob
distortion_coefficients:
  rows: 1
  cols: 5
  data: [-0.3948725822563546, 0.1654765693818901, 0.001028026224143358, -0.0005389380769107522, 0]
rectification_matrix:
  rows: 3
  cols: 3
  data: [0.9998666064343822, -0.005985052353694776, -0.01519698936355465, 0.006085724574914833, 0.9999597875225198, 0.006586903241683068, 0.01515695529421193, -0.006678509282807791, 0.9998628227011787]
projection_matrix:
  rows: 3
  cols: 4
  data: [605.8102249163881, 0, 376.5335159301758, -65.18653920737778, 0, 605.8102249163881, 236.394157409668, 0, 0, 0, 1, 0]