image_width: 752
image_height: 480
camera_name: mv_25001110
camera_matrix:
  rows: 3
  cols: 3
  data: [619.7984000952504, 0, 370.2923648608178, 0, 618.9797046783426, 241.1260068271943, 0, 0, 1]
distortion_model: plumb_bob
distortion_coefficients:
  rows: 1
  cols: 5
  data: [-0.3960096030064051, 0.1744044176106052, 0.002921657796045346, 0.001117532420477423, 0]
rectification_matrix:
  rows: 3
  cols: 3
  data: [0.9999019214883107, 0.002857638990301767, -0.0137106273884686, -0.002936199722464033, 0.9999793687613544, -0.00571321125401522, 0.01369401822600366, 0.005752908051091286, 0.9998896828719565]
projection_matrix:
  rows: 3
  cols: 4
  data: [607.1050714512106, 0, 368.2547302246094, -66.96123563721846, 0, 607.1050714512106, 235.3647289276123, 0, 0, 0, 1, 0]