image_width: 1280
image_height: 960
camera_name: mv_29900189
camera_matrix:
  rows: 3
  cols: 3
  data: [993.4065388503345, 0, 637.4921374000742, 0, 993.7963875603823, 470.7813439689348, 0, 0, 1]
distortion_model: plumb_bob
distortion_coefficients:
  rows: 1
  cols: 5
  data: [-0.3828096345227583, 0.1359772979948802, 0.0007128335851814429, -0.001345999720499383, 0]
rectification_matrix:
  rows: 3
  cols: 3
  data: [1, 0, 0, 0, 1, 0, 0, 0, 1]
projection_matrix:
  rows: 3
  cols: 4
  data: [807.7484130859375, 0, 632.1198718160304, 0, 0, 894.6900024414062, 468.8308833869487, 0, 0, 0, 1, 0]