image_width: 752
image_height: 480
camera_name: mv_25000855
camera_matrix:
  rows: 3
  cols: 3
  data: [618.4221871063243, 0, 351.7204140039751, 0, 619.0241574163928, 222.2598684271633, 0, 0, 1]
distortion_model: plumb_bob
distortion_coefficients:
  rows: 1
  cols: 5
  data: [-0.3995145576811359, 0.1759763926836032, -0.0001193846658473496, -0.0004933152850435111, 0]
rectification_matrix:
  rows: 3
  cols: 3
  data: [0.9998666097737403, 0.005373931300935011, -0.01542347308293384, -0.00542473642331434, 0.9999799914358128, -0.003254068648473033, 0.01540567734001725, 0.003337302863726755, 0.9998757560393646]
projection_matrix:
  rows: 3
  cols: 4
  data: [610.0436693609868, 0, 369.9457473754883, 0, 0, 610.0436693609868, 233.741174697876, 0, 0, 0, 1, 0]