image_width: 752
image_height: 480
camera_name: mv_25001110
camera_matrix:
  rows: 3
  cols: 3
  data: [623.0215104334691, 0, 372.3619346033049, 0, 624.0853686868456, 251.6416480259885, 0, 0, 1]
distortion_model: plumb_bob
distortion_coefficients:
  rows: 1
  cols: 5
  data: [-0.4051990702749598, 0.1831350914182473, -0.0005823152806294859, 0.001049901545602563, 0]
rectification_matrix:
  rows: 3
  cols: 3
  data: [0.9990998207306083, 0.004810708279712216, -0.0421474234314967, -0.004664397470959038, 0.9999827524592492, 0.003569058735420756, 0.04216386619250279, -0.003369253607474577, 0.9991050277712695]
projection_matrix:
  rows: 3
  cols: 4
  data: [612.0349525665421, 0, 395.6024398803711, -67.12353773905394, 0, 612.0349525665421, 239.731273651123, 0, 0, 0, 1, 0]