image_width: 752
image_height: 480
camera_name: mv_25000855
camera_matrix:
  rows: 3
  cols: 3
  data: [619.9768203654987, 0, 352.3611582225565, 0, 621.0567356196102, 229.3071821384383, 0, 0, 1]
distortion_model: plumb_bob
distortion_coefficients:
  rows: 1
  cols: 5
  data: [-0.4085987494540035, 0.1901383742666529, -0.001252004498523652, 0.0005385374990382887, 0]
rectification_matrix:
  rows: 3
  cols: 3
  data: [0.9989117951045755, 0.004720331618902203, -0.04639982834410105, -0.004881351493340449, 0.9999824494017332, -0.003357572949095279, 0.04638316514159975, 0.003580413093153547, 0.9989173052027528]
projection_matrix:
  rows: 3
  cols: 4
  data: [612.0349525665421, 0, 395.6024398803711, 0, 0, 612.0349525665421, 239.731273651123, 0, 0, 0, 1, 0]