image_width: 752
image_height: 480
camera_name: mv_25001110
camera_matrix:
  rows: 3
  cols: 3
  data: [635.7633651043626, 0, 375.4221467103872, 0, 637.5532166484285, 242.4531923111339, 0, 0, 1]
distortion_model: plumb_bob
distortion_coefficients:
  rows: 1
  cols: 5
  data: [-0.3957164827572235, 0.1746521810838886, 0.002835994575249154, 0.001323960595795987, 0]
rectification_matrix:
  rows: 3
  cols: 3
  data: [0.9994912845421803, 0.001203950945972397, -0.03187040361121838, -0.001454155782438627, 0.9999682980826817, -0.007828681918767635, 0.03185996790931638, 0.007871043878961112, 0.9994613494843474]
projection_matrix:
  rows: 3
  cols: 4
  data: [630.1853429986155, 0, 389.4121971130371, -69.56460417508534, 0, 630.1853429986155, 237.4145393371582, 0, 0, 0, 1, 0]