image_width: 752
image_height: 480
camera_name: mv_25000855
camera_matrix:
  rows: 3
  cols: 3
  data: [623.0128335274289, 0, 357.7428801909946, 0, 624.514238843929, 232.5250616095586, 0, 0, 1]
distortion_model: plumb_bob
distortion_coefficients:
  rows: 1
  cols: 5
  data: [-0.3733158805772872, 0.1577638842622962, -0.002449563600194349, -0.001019886153912001, 0]
rectification_matrix:
  rows: 3
  cols: 3
  data: [0.9995145163193422, 0.002101077494777609, -0.03108564202766732, -0.001856934033251995, 0.9999672227748672, 0.007880683467522015, 0.03110118105325726, -0.00781913353767944, 0.9994856565693239]
projection_matrix:
  rows: 3
  cols: 4
  data: [630.1853429986155, 0, 389.4121971130371, 0, 0, 630.1853429986155, 237.4145393371582, 0, 0, 0, 1, 0]