image_width: 752
image_height: 480
camera_name: mv_25000855
camera_matrix:
  rows: 3
  cols: 3
  data: [620.6278574352625, 0, 355.5113711302972, 0, 621.6904463201971, 224.8032000799498, 0, 0, 1]
distortion_model: plumb_bob
distortion_coefficients:
  rows: 1
  cols: 5
  data: [-0.3949396204609851, 0.1613472614964424, 0.000220200194800482, -0.0004942877827291477, 0]
rectification_matrix:
  rows: 3
  cols: 3
  data: [0.9997947530672012, 0.003752268162900232, -0.01990909899839988, -0.003884247997653827, 0.9999707115189236, -0.006594597927886729, 0.0198837711912787, 0.006670576284808607, 0.9997800453375939]
projection_matrix:
  rows: 3
  cols: 4
  data: [605.8102249163881, 0, 376.5335159301758, 0, 0, 605.8102249163881, 236.394157409668, 0, 0, 0, 1, 0]