image_width: 1280
image_height: 960
camera_name: mv_29900189
camera_matrix:
  rows: 3
  cols: 3
  data: [742.7714408590562, 0, 624.4497181079203, 0, 743.2310401498454, 471.4036009564438, 0, 0, 1]
distortion_model: plumb_bob
distortion_coefficients:
  rows: 1
  cols: 5
  data: [-0.2826890328668573, 0.07513857016649945, 0.0004621260110567458, 0.0001257157892008339, 0]
rectification_matrix:
  rows: 3
  cols: 3
  data: [1, 0, 0, 0, 1, 0, 0, 0, 1]
projection_matrix:
  rows: 3
  cols: 4
  data: [565.55126953125, 0, 617.6376112891012, 0, 0, 642.8950805664062, 468.7419618815147, 0, 0, 0, 1, 0]