image_width: 752
image_height: 480
camera_name: mv_25001110
camera_matrix:
  rows: 3
  cols: 3
  data: [621.1490292902868, 0, 378.5291771512184, 0, 622.2324673267129, 252.1051842647663, 0, 0, 1]
distortion_model: plumb_bob
distortion_coefficients:
  rows: 1
  cols: 5
  data: [-0.3971890199629337, 0.1789776062760092, 0.000227896989760461, -0.0002454692894057525, 0]
rectification_matrix:
  rows: 3
  cols: 3
  data: [0.9999003494357479, 0.0006592291714522505, 0.01410165292327563, -0.0006523725676127177, 0.9999996667521232, -0.0004908214295819898, -0.01410197178773409, 0.0004815729874244442, 0.9999004462841067]
projection_matrix:
  rows: 3
  cols: 4
  data: [614.424384464114, 0, 360.2344551086426, -67.51046557985575, 0, 614.424384464114, 242.1002197265625, 0, 0, 0, 1, 0]