image_width: 1280
image_height: 960
camera_name: mv_29900189
camera_matrix:
  rows: 3
  cols: 3
  data: [988.4442027893585, 0, 621.4534292911019, 0, 987.1405511862786, 482.1060078454706, 0, 0, 1]
distortion_model: plumb_bob
distortion_coefficients:
  rows: 1
  cols: 5
  data: [-0.3956669948848987, 0.1583909737602708, -0.000742916137984341, -0.0006692460887065362, 0]
rectification_matrix:
  rows: 3
  cols: 3
  data: [1, 0, 0, 0, 1, 0, 0, 0, 1]
projection_matrix:
  rows: 3
  cols: 4
  data: [802.5175170898438, 0, 611.1763082384132, 0, 0, 884.8765869140625, 481.3186698898935, 0, 0, 0, 1, 0]