image_width: 752
image_height: 480
camera_name: mv_25001110
camera_matrix:
  rows: 3
  cols: 3
  data: [617.2941011121167, 0, 381.5413832099938, 0, 618.2263601564474, 250.4977583302743, 0, 0, 1]
distortion_model: plumb_bob
distortion_coefficients:
  rows: 1
  cols: 5
  data: [-0.4154007441021346, 0.2543982717623588, 0.0008435557363563169, -0.001505135528994061, -0.1100776232206786]
rectification_matrix:
  rows: 3
  cols: 3
  data: [0.9999131123966881, 0.005074904391935617, 0.01216605945164363, -0.005054923293789185, 0.9999858250590292, -0.001672552392748314, -0.01217437504195276, 0.001610908571363754, 0.9999245919397686]
projection_matrix:
  rows: 3
  cols: 4
  data: [620.0508385620734, 0, 365.1710624694824, -61.92247809889785, 0, 620.0508385620734, 240.0421562194824, 0, 0, 0, 1, 0]