image_width: 752
image_height: 480
camera_name: mv_25001206
camera_matrix:
  rows: 3
  cols: 3
  data: [618.5360534171272, 0, 368.997189375292, 0, 619.929934069375, 217.1828358480622, 0, 0, 1]
distortion_model: plumb_bob
distortion_coefficients:
  rows: 1
  cols: 5
  data: [-0.4164303554669013, 0.2460805719505041, 0.0008065073054501545, -0.002554147037942094, -0.09641911411344051]
rectification_matrix:
  rows: 3
  cols: 3
  data: [1, 0, 0, 0, 1, 0, 0, 0, 1]
projection_matrix:
  rows: 3
  cols: 4
  data: [514.1788940429688, 0, 361.9353246728606, 0, 0, 577.5090942382812, 213.8059708078545, 0, 0, 0, 1, 0]