image_width: 752
image_height: 480
camera_name: mv_25001110
camera_matrix:
  rows: 3
  cols: 3
  data: [622.0805076711125, 0, 378.6204446625363, 0, 623.3870906742679, 245.938628809917, 0, 0, 1]
distortion_model: plumb_bob
distortion_coefficients:
  rows: 1
  cols: 5
  data: [-0.4044458368651667, 0.2229762986269644, 0.001185639227512433, -0.0007493231320904868, -0.08084910795236756]
rectification_matrix:
  rows: 3
  cols: 3
  data: [0.9998955830270497, 0.003302305170135401, -0.01406832696377235, -0.00332493849779861, 0.9999932151008112, -0.001585728958044402, 0.01406299495065556, 0.001632339702948151, 0.9998997787979114]
projection_matrix:
  rows: 3
  cols: 4
  data: [621.9614247362179, 0, 380.698787689209, -62.65362711975524, 0, 621.9614247362179, 233.8923416137695, 0, 0, 0, 1, 0]