image_width: 752
image_height: 480
camera_name: mv_25000855
camera_matrix:
  rows: 3
  cols: 3
  data: [615.6972068699682, 0, 358.628299013136, 0, 616.8321994343809, 226.1987592693372, 0, 0, 1]
distortion_model: plumb_bob
distortion_coefficients:
  rows: 1
  cols: 5
  data: [-0.4065393838128004, 0.2073644865148938, 0.0002154206107170631, -0.001304884946516249, -0.04542662700422774]
rectification_matrix:
  rows: 3
  cols: 3
  data: [0.999953641855545, -0.0003646796650907456, -0.009621909819482067, 0.0003804762824725079, 0.9999985828922259, 0.001639954675706348, 0.009621298126076958, -0.001643539558928998, 0.9999523635654288]
projection_matrix:
  rows: 3
  cols: 4
  data: [620.0508385620734, 0, 365.1710624694824, 0, 0, 620.0508385620734, 240.0421562194824, 0, 0, 0, 1, 0]