image_width: 752
image_height: 480
camera_name: mv_25000855
camera_matrix:
  rows: 3
  cols: 3
  data: [619.9122868326483, 0, 355.1668788527182, 0, 621.5472424316223, 222.2993953133348, 0, 0, 1]
distortion_model: plumb_bob
distortion_coefficients:
  rows: 1
  cols: 5
  data: [-0.4019087880076399, 0.2106113241488181, 0.0003111104926978083, -0.0006603871207043992, -0.06319247081160649]
rectification_matrix:
  rows: 3
  cols: 3
  data: [0.999380918548971, -0.0005775352310424278, -0.03517735199346082, 0.0006341462902702198, 0.9999985218573789, 0.001598168182532329, 0.03517637699788699, -0.001619486373523079, 0.9993798075632651]
projection_matrix:
  rows: 3
  cols: 4
  data: [621.9614247362179, 0, 380.698787689209, 0, 0, 621.9614247362179, 233.8923416137695, 0, 0, 0, 1, 0]