image_width: 752
image_height: 480
camera_name: mv_25001110
camera_matrix:
  rows: 3
  cols: 3
  data: [620.8696591807116, 0, 382.9031404634723, 0, 622.1946582431693, 242.2744587596617, 0, 0, 1]
distortion_model: plumb_bob
distortion_coefficients:
  rows: 1
  cols: 5
  data: [-0.3984972028802946, 0.1621486248307513, 0.00137286263984556, -0.002436034584976189, 0]
rectification_matrix:
  rows: 3
  cols: 3
  data: [0.999823625214651, -0.006760923604018022, -0.01752165444968152, 0.006757186295695109, 0.9999771328294123, -0.000272491529022278, 0.01752309607343071, 0.0001540463850620613, 0.9998464468975786]
projection_matrix:
  rows: 3
  cols: 4
  data: [620.7004092625093, 0, 389.4632301330566, -61.81939036773098, 0, 620.7004092625093, 230.1891117095947, 0, 0, 0, 1, 0]