image_width: 752
image_height: 480
camera_name: mv_25000855
camera_matrix:
  rows: 3
  cols: 3
  data: [618.4735517554484, 0, 358.72527979081, 0, 620.2353728877318, 218.1366064541733, 0, 0, 1]
distortion_model: plumb_bob
distortion_coefficients:
  rows: 1
  cols: 5
  data: [-0.4014727620012748, 0.1705055657921433, 0.0004249876139219073, -0.001534747001189997, 0]
rectification_matrix:
  rows: 3
  cols: 3
  data: [0.9991219665774913, -0.01045544072698001, -0.04057067489617323, 0.01046409523614266, 0.9999452498561904, 9.64260330890579e-07, 0.04056844356412148, -0.0004254988195862135, 0.9991766712336408]
projection_matrix:
  rows: 3
  cols: 4
  data: [620.7004092625093, 0, 389.4632301330566, 0, 0, 620.7004092625093, 230.1891117095947, 0, 0, 0, 1, 0]