# Camera spectral calibration
# Camera: 30000313
# Generated on: 2014-07-24T12:00:19

camera_serial: 30000313
camera_exposure: 700
calibration_date: 2014-07-24T12:00:19
slope: 0.8470590507455837
intercept: -0.01300703964203737
squared_error: 3.615228319547571e-08
spectrometer_pose:
  position: [0.02699515566082673, -0.002410487730228734, -0.0003758769763886338]
  direction: [0.01758456043899059, 0.04114412888884544, 0.9989984631538391]
  fov: 0.06304474023590909
  squared_error: 1.383814757810961e-07
filter_profile:
  name: Newport 700nm Narrowpass Filter
  center: 700
  fwhm: 12
  min_peak_transmission: 0.5
  spectrum:
    wavelengths: [681, 681.5, 682, 682.5, 683, 683.5, 684, 684.5, 685, 685.5, 686, 686.5, 687, 687.5, 688, 688.5, 689, 689.5, 690, 690.5, 691, 691.5, 692, 692.5, 693, 693.5, 694, 694.5, 695, 695.5, 696, 696.5, 697, 697.5, 698, 698.5, 699, 699.5, 700, 700.5, 701, 701.5, 702, 702.5, 703, 703.5, 704, 704.5, 705, 705.5, 706, 706.5, 707, 707.5, 708, 708.5, 709, 709.5, 710, 710.5, 711, 711.5, 712, 712.5, 713, 713.5, 714, 714.5, 715, 715.5, 716, 716.5, 717, 717.5, 718, 718.5, 719]
    intensities: [0, 0, 0, 0, 0, 0, 0, 0, 0, 0, 0, 0, 0, 0, 0, 0, 0, 0, 0, 0, 0.02352, 0.053541, 0.085739, 0.119694, 0.154947, 0.190999, 0.227324, 0.263382, 0.298622, 0.332498, 0.364477, 0.394048, 0.420735, 0.444106, 0.463777, 0.479426, 0.490792, 0.497688, 0.5, 0.497688, 0.490792, 0.479426, 0.463777, 0.444106, 0.420735, 0.394048, 0.364477, 0.332498, 0.298622, 0.263382, 0.227324, 0.190999, 0.154947, 0.119694, 0.085739, 0.053541, 0.02352, 0, 0, 0, 0, 0, 0, 0, 0, 0, 0, 0, 0, 0, 0, 0, 0, 0, 0, 0, 0]