# Camera spectral calibration
# Camera: 29900189
# Generated on: 2014-07-24T11:55:42

camera_serial: 29900189
camera_exposure: 2000
calibration_date: 2014-07-24T11:55:42
slope: 1.22782908830464
intercept: -0.03702731472840512
squared_error: 3.771503589516612e-05
spectrometer_pose:
  position: [0.02658213396754077, 0.08222616265884305, -0.001705728338450951]
  direction: [0.01172130648046732, 0.01695048436522484, 0.9997876286506653]
  fov: 0.06270109488049189
  squared_error: 1.111173481332663e-06
filter_profile:
  name: Newport 670nm Narrowpass Filter
  center: 670
  fwhm: 12
  min_peak_transmission: 0.5
  spectrum:
    wavelengths: [651, 651.5, 652, 652.5, 653, 653.5, 654, 654.5, 655, 655.5, 656, 656.5, 657, 657.5, 658, 658.5, 659, 659.5, 660, 660.5, 661, 661.5, 662, 662.5, 663, 663.5, 664, 664.5, 665, 665.5, 666, 666.5, 667, 667.5, 668, 668.5, 669, 669.5, 670, 670.5, 671, 671.5, 672, 672.5, 673, 673.5, 674, 674.5, 675, 675.5, 676, 676.5, 677, 677.5, 678, 678.5, 679, 679.5, 680, 680.5, 681, 681.5, 682, 682.5, 683, 683.5, 684, 684.5, 685, 685.5, 686, 686.5, 687, 687.5, 688, 688.5, 689]
    intensities: [0, 0, 0, 0, 0, 0, 0, 0, 0, 0, 0, 0, 0, 0, 0, 0, 0, 0, 0, 0, 0.02352, 0.053541, 0.085739, 0.119694, 0.154947, 0.190999, 0.227324, 0.263382, 0.298622, 0.332498, 0.364477, 0.394048, 0.420735, 0.444106, 0.463777, 0.479426, 0.490792, 0.497688, 0.5, 0.497688, 0.490792, 0.479426, 0.463777, 0.444106, 0.420735, 0.394048, 0.364477, 0.332498, 0.298622, 0.263382, 0.227324, 0.190999, 0.154947, 0.119694, 0.085739, 0.053541, 0.02352, 0, 0, 0, 0, 0, 0, 0, 0, 0, 0, 0, 0, 0, 0, 0, 0, 0, 0, 0, 0]