mag_calib:
  bias: [-0.075918389261573, 0.005864674795219, -0.266900721667788]
  reference: [0.0, 0.207517, -0.475076]
  scale: [1.005374, 1.00112, 0.99327]
