mag_calib:
  bias: [-0.009845745267291655, 0.013277577772948967, -0.04580996993767441]
  reference: [0.0, 0.23292439316921495, 0.41178107834255373]
  scale: [0.9979126909206659, 1.0246963452219793, 1.0146427935271063]
