mag_calib:
  # bias: [-0.2, 0.0, -0.1]
  bias: [-0.1, -0.1, -0.2]
  reference: [0.05011, 0.18525, -0.50326]
  scale: [1.0, 1.0, 1.0]
