mag_calib:
  # bias: [-0.2494, 0.0309, -0.2321]
  bias: [-0.0, 0.0309, -0.0]
  reference: [0.05011, 0.18525, -0.50326]
  scale: [1.0, 1.0, 1.0]
