mag_calib:
  bias: [0.0, 0.0, 0.0]
  reference: [0.0, 0.207517, -0.475076]
  scale: [1.0, 1.0, 1.0]
