mag_calib:
  bias: [-0.080643689829164, 0.054275028224565, -0.317681090678205]
  reference: [0.0, 0.207517, -0.475076]
  scale: [0.998922942803432, 1.004652034432616, 0.999258738908327]
