image_width: 752
image_height: 480
camera_name: mv_25001110
camera_matrix:
  rows: 3
  cols: 3
  data: [620.038616526549, 0, 373.658021665684, 0, 621.3020214577903, 249.1494755025931, 0, 0, 1]
distortion_model: plumb_bob
distortion_coefficients:
  rows: 1
  cols: 5
  data: [-0.3948841570130111, 0.1618951528865513, 0.0008942528438193816, -0.0001375228731203819, 0]
rectification_matrix:
  rows: 3
  cols: 3
  data: [0.9997848905711216, -0.003694666019363622, -0.02040887132341212, 0.003813747205751148, 0.9999759135278594, 0.005798939245533024, 0.0203869546019227, -0.005875526115006001, 0.9997748998024162]
projection_matrix:
  rows: 3
  cols: 4
  data: [603.4143496252536, 0, 379.2334632873535, -78.19332717354266, 0, 603.4143496252536, 239.0935745239258, 0, 0, 0, 1, 0]