image_width: 752
image_height: 480
camera_name: mv_25001110
camera_matrix:
  rows: 3
  cols: 3
  data: [614.8993453261101, 0, 380.2768796199754, 0, 616.3720407507041, 250.1483522081366, 0, 0, 1]
distortion_model: plumb_bob
distortion_coefficients:
  rows: 1
  cols: 5
  data: [-0.3967663122107336, 0.1712597421220774, 4.142161447488969e-05, -0.001533999301821243, 0]
rectification_matrix:
  rows: 3
  cols: 3
  data: [0.9999704012076303, -0.00210857012122551, 0.00739936758749293, 0.002066091406940614, 0.9999813697647874, 0.005743813161814624, -0.007411340968349256, -0.005728355382092122, 0.9999561280224584]
projection_matrix:
  rows: 3
  cols: 4
  data: [598.0345731789457, 0, 359.2892990112305, -77.42939494337028, 0, 598.0345731789457, 239.3132286071777, 0, 0, 0, 1, 0]