image_width: 752
image_height: 480
camera_name: mv_25000855
camera_matrix:
  rows: 3
  cols: 3
  data: [618.8524856435262, 0, 354.1913509017433, 0, 620.1569129756803, 227.6337302922867, 0, 0, 1]
distortion_model: plumb_bob
distortion_coefficients:
  rows: 1
  cols: 5
  data: [-0.4053800345372539, 0.1902085662050317, 1.750100110830993e-05, -0.0001918852442382624, 0]
rectification_matrix:
  rows: 3
  cols: 3
  data: [0.9996503601824361, 0.008959752669929688, -0.02487730329475811, -0.009104835094596734, 0.9999421627331971, -0.00572478526727115, 0.02482457179944687, 0.005949287398491765, 0.999674120208393]
projection_matrix:
  rows: 3
  cols: 4
  data: [603.4143496252536, 0, 379.2334632873535, 0, 0, 603.4143496252536, 239.0935745239258, 0, 0, 0, 1, 0]