image_width: 752
image_height: 480
camera_name: mv_25001110
camera_matrix:
  rows: 3
  cols: 3
  data: [617.6898541147237, 0, 377.22336634864, 0, 618.0343596717508, 249.3440864606545, 0, 0, 1]
distortion_model: plumb_bob
distortion_coefficients:
  rows: 1
  cols: 5
  data: [-0.3884244352898543, 0.1524552056302868, 0.0009378559790622168, 0.0003915036580188516, 0]
rectification_matrix:
  rows: 3
  cols: 3
  data: [0.999974831728097, -0.002003901592881491, -0.006805901025575484, 0.002028152890052777, 0.9999916127110661, 0.003558244423262288, 0.006798713570849459, -0.003571958276233602, 0.9999705088690638]
projection_matrix:
  rows: 3
  cols: 4
  data: [595.044543694147, 0, 367.4306755065918, -77.26724779328674, 0, 595.044543694147, 242.3258819580078, 0, 0, 0, 1, 0]