image_width: 752
image_height: 480
camera_name: mv_25001110
camera_matrix:
  rows: 3
  cols: 3
  data: [616.0457841931586, 0, 375.3596544483559, 0, 617.7567155189028, 249.4337120686182, 0, 0, 1]
distortion_model: plumb_bob
distortion_coefficients:
  rows: 1
  cols: 5
  data: [-0.3898516735498083, 0.1608757325583087, 9.865759513949543e-05, 0.0006597334357839789, 0]
rectification_matrix:
  rows: 3
  cols: 3
  data: [1, 0, 0, 0, 1, 0, 0, 0, 1]
projection_matrix:
  rows: 3
  cols: 4
  data: [516.0244750976562, 0, 375.5013808859621, 0, 0, 577.92431640625, 250.2612761780183, 0, 0, 0, 1, 0]