image_width: 752
image_height: 480
camera_name: mv_25000855
camera_matrix:
  rows: 3
  cols: 3
  data: [614.9623006911512, 0, 356.9346080097598, 0, 616.4403408846822, 228.8881764909624, 0, 0, 1]
distortion_model: plumb_bob
distortion_coefficients:
  rows: 1
  cols: 5
  data: [-0.3972189760622519, 0.1690316415407266, -0.0007319992372926898, -0.0008926834027315736, 0]
rectification_matrix:
  rows: 3
  cols: 3
  data: [0.999917810744228, 0.0107291154908418, 0.007018392782847118, -0.01068867975370908, 0.9999262052174775, -0.005773754800614405, -0.007079822144149647, 0.005698262907162738, 0.9999587021063659]
projection_matrix:
  rows: 3
  cols: 4
  data: [598.0345731789457, 0, 359.2892990112305, 0, 0, 598.0345731789457, 239.3132286071777, 0, 0, 0, 1, 0]