image_width: 1280
image_height: 960
camera_name: mv_29900189
camera_matrix:
  rows: 3
  cols: 3
  data: [975.5917456087391, 0, 634.606827571174, 0, 980.7548632554128, 499.7680936301253, 0, 0, 1]
distortion_model: plumb_bob
distortion_coefficients:
  rows: 1
  cols: 5
  data: [-0.3808905910830918, 0.1421605106341259, -0.003687685635691839, -0.001187211494148738, 0]
rectification_matrix:
  rows: 3
  cols: 3
  data: [1, 0, 0, 0, 1, 0, 0, 0, 1]
projection_matrix:
  rows: 3
  cols: 4
  data: [791.85205078125, 0, 628.4164014418493, 0, 0, 881.6509399414062, 500.0464050979572, 0, 0, 0, 1, 0]