image_width: 752
image_height: 480
camera_name: mv_25000855
camera_matrix:
  rows: 3
  cols: 3
  data: [615.5705952454301, 0, 354.8521696381513, 0, 616.7838938089935, 234.1842730953008, 0, 0, 1]
distortion_model: plumb_bob
distortion_coefficients:
  rows: 1
  cols: 5
  data: [-0.3989858446811534, 0.1668195559599714, -0.0007686899904539593, 0.0001481791000542195, 0]
rectification_matrix:
  rows: 3
  cols: 3
  data: [0.999955480889746, 0.009289716658363588, -0.001654509886376171, -0.009295556218406296, 0.9999504672817147, -0.003557473495455437, 0.001621380013211619, 0.003572694709563364, 0.9999923034600642]
projection_matrix:
  rows: 3
  cols: 4
  data: [595.044543694147, 0, 367.4306755065918, 0, 0, 595.044543694147, 242.3258819580078, 0, 0, 0, 1, 0]