image_width: 1280
image_height: 960
camera_name: mv_29900130
camera_matrix:
  rows: 3
  cols: 3
  data: [987.1531989462422, 0, 661.7854785105859, 0, 989.1509236659107, 471.8770206796876, 0, 0, 1]
distortion_model: plumb_bob
distortion_coefficients:
  rows: 1
  cols: 5
  data: [-0.381301753316696, 0.1430808253127543, -0.0005168280685239151, -0.0008529931785379355, 0]
rectification_matrix:
  rows: 3
  cols: 3
  data: [1, 0, 0, 0, 1, 0, 0, 0, 1]
projection_matrix:
  rows: 3
  cols: 4
  data: [805.5156860351562, 0, 668.6689896083262, 0, 0, 890.5153198242188, 468.9132045242441, 0, 0, 0, 1, 0]