image_width: 752
image_height: 480
camera_name: mv_25001206
camera_matrix:
  rows: 3
  cols: 3
  data: [618.3809317225702, 0, 366.9236191008318, 0, 619.3901978028651, 220.2975210299738, 0, 0, 1]
distortion_model: plumb_bob
distortion_coefficients:
  rows: 1
  cols: 5
  data: [-0.3956623825162843, 0.1675266160273554, -0.001409829647845909, -0.001266899265244144, 0]
rectification_matrix:
  rows: 3
  cols: 3
  data: [0.9999908580217902, 0.004212262981540604, 0.0007353321820265553, -0.004209318889331105, 0.9999832982296598, -0.003960416167431568, -0.0007520022150909096, 0.003957284713749525, 0.9999918871622723]
projection_matrix:
  rows: 3
  cols: 4
  data: [581.8761542290405, 0, 371.5460052490234, -82.78341108979723, 0, 581.8761542290405, 220.0353755950928, 0, 0, 0, 1, 0]