image_width: 752
image_height: 480
camera_name: mv_25001185
camera_matrix:
  rows: 3
  cols: 3
  data: [618.5480093532143, 0, 379.6391728869449, 0, 619.4337846052911, 223.9602195420827, 0, 0, 1]
distortion_model: plumb_bob
distortion_coefficients:
  rows: 1
  cols: 5
  data: [-0.3976176171665543, 0.1730276925555593, 0.0005829876194285477, 0.0003427547068385695, 0]
rectification_matrix:
  rows: 3
  cols: 3
  data: [0.9999999277916373, 0.0003404459112506935, 0.0001688588218421499, -0.000341111731770367, 0.9999921056197388, 0.003958830760189933, -0.0001675097210607751, -0.003958888074054391, 0.9999921495420403]
projection_matrix:
  rows: 3
  cols: 4
  data: [581.8761542290405, 0, 371.5460052490234, 0, 0, 581.8761542290405, 220.0353755950928, 0, 0, 0, 1, 0]