image_width: 752
image_height: 480
camera_name: mv_25001206
camera_matrix:
  rows: 3
  cols: 3
  data: [619.2286509959101, 0, 365.7224164971211, 0, 620.7404235987328, 218.196530626892, 0, 0, 1]
distortion_model: plumb_bob
distortion_coefficients:
  rows: 1
  cols: 5
  data: [-0.397198246368815, 0.1723882465691244, -0.001324049285433143, -0.001483110313898563, 0]
rectification_matrix:
  rows: 3
  cols: 3
  data: [0.9998020055806016, 0.001144554404247041, -0.01986553881026659, -0.00139699911306575, 0.9999183955763454, -0.01269844799590982, 0.01984938362984058, 0.01272368591417013, 0.9997220162556554]
projection_matrix:
  rows: 3
  cols: 4
  data: [478.0522011383013, 0, 382.0169143676758, -68.3975472934663, 0, 478.0522011383013, 219.8636627197266, 0, 0, 0, 1, 0]