image_width: 752
image_height: 480
camera_name: mv_25001185
camera_matrix:
  rows: 3
  cols: 3
  data: [617.8352015609659, 0, 379.8688676475087, 0, 618.9975312231885, 225.11034278257, 0, 0, 1]
distortion_model: plumb_bob
distortion_coefficients:
  rows: 1
  cols: 5
  data: [-0.3996239347007412, 0.1783899813178719, 0.0007868532734657683, -0.0002476499297208218, 0]
rectification_matrix:
  rows: 3
  cols: 3
  data: [0.9999578335984733, 0.002138568650927028, -0.008930708212294325, -0.002024870211211196, 0.9999170362145795, 0.01272087215873428, 0.008957171745345667, -0.01270225224030698, 0.9998792036352931]
projection_matrix:
  rows: 3
  cols: 4
  data: [478.0522011383013, 0, 382.0169143676758, 0, 0, 478.0522011383013, 219.8636627197266, 0, 0, 0, 1, 0]