image_width: 752
image_height: 480
camera_name: mv_25001185
camera_matrix:
  rows: 3
  cols: 3
  data: [617.2560027995237, 0, 376.2333367532083, 0, 617.8654743081745, 226.3393788944228, 0, 0, 1]
distortion_model: plumb_bob
distortion_coefficients:
  rows: 1
  cols: 5
  data: [-0.3919937464655815, 0.1582009643408988, 0.0004869958934722545, 0.0005086296427318704, 0]
rectification_matrix:
  rows: 3
  cols: 3
  data: [0.9997398449227568, 0.0007823217380337409, -0.02279540406574356, -0.0007169001210793225, 0.9999956016375108, 0.002877978430959387, 0.02279755530838154, -0.002860887682323588, 0.9997360085510727]
projection_matrix:
  rows: 3
  cols: 4
  data: [581.3199438304074, 0, 385.1370124816895, 0, 0, 581.3199438304074, 221.9129619598389, 0, 0, 0, 1, 0]