image_width: 1280
image_height: 960
camera_name: mv_30000315
camera_matrix:
  rows: 3
  cols: 3
  data: [2110.216027681371, 0, 651.4818104261637, 0, 2112.46424856498, 485.0384523568466, 0, 0, 1]
distortion_model: plumb_bob
distortion_coefficients:
  rows: 1
  cols: 5
  data: [-0.508674469881645, 0.310242573393899, 0.000224962773623966, -0.00140214020268413, 0]
rectification_matrix:
  rows: 3
  cols: 3
  data: [1, 0, 0, 0, 1, 0, 0, 0, 1]
projection_matrix:
  rows: 3
  cols: 4
  data: [2006.362548828125, 0, 651.18344729417, 0, 0, 2053.665771484375, 484.897975661861, 0, 0, 0, 1, 0]