image_width: 1280
image_height: 960
camera_name: mv_30000315
camera_matrix:
  rows: 3
  cols: 3
  data: [2132.568841336269, 0, 673.2274669904875, 0, 2135.013323646793, 494.6460741870853, 0, 0, 1]
distortion_model: plumb_bob
distortion_coefficients:
  rows: 1
  cols: 5
  data: [-0.5179308526040454, 0.3125459383711504, -0.0004042044932319093, -0.002347764993536315, 0]
rectification_matrix:
  rows: 3
  cols: 3
  data: [1, 0, 0, 0, 1, 0, 0, 0, 1]
projection_matrix:
  rows: 3
  cols: 4
  data: [2027.375732421875, 0, 674.5409243877366, 0, 0, 2075.50537109375, 494.8052068743709, 0, 0, 0, 1, 0]