image_width: 1280
image_height: 960
camera_name: mv_30000320
camera_matrix:
  rows: 3
  cols: 3
  data: [2153.761846755532, 0, 635.2431692008774, 0, 2154.2796939229, 546.6889187679378, 0, 0, 1]
distortion_model: plumb_bob
distortion_coefficients:
  rows: 1
  cols: 5
  data: [-0.5340825829850148, 0.3354903785876664, -0.006331894895705114, 0.004917247819249094, 0]
rectification_matrix:
  rows: 3
  cols: 3
  data: [1, 0, 0, 0, 1, 0, 0, 0, 1]
projection_matrix:
  rows: 3
  cols: 4
  data: [2046.641967773438, 0, 637.6836818290831, 0, 0, 2093.161376953125, 547.6048010998711, 0, 0, 0, 1, 0]