mag_calib:
  bias: [-0.174851, -0.067206, -0.112691]
  reference: [0.0, 0.205779, -0.47895]
  scale: [1.058356, 0.994033, 0.986922]
