mag_calib:
  bias: [-0.0812316, 0.037249, -0.327895]
  reference: [0.0, 0.205779, -0.478950]
  scale: [0.989636, 0.999115, 1.043546]
