mag_calib:
  bias: [-0.1777, -0.0623, -0.1780]
  reference: [0.0, 0.236074, -0.421609]
  scale: [1.0405, 0.9782, 0.9826]
