image_width: 1920
image_height: 1200
camera_name: pg_15122690
camera_matrix:
  rows: 3
  cols: 3
  data: [838.8261303027391, 0, 947.0322491761988, 0, 839.3144194522495, 598.359631207612, 0, 0, 1]
distortion_model: rational_polynomial
distortion_coefficients:
  rows: 1
  cols: 8
  data: [0.02614805177298523, 0.008994771293552502, 0.000587460214636703, -0.0005061685753436131, 0.01236838659787464, 0.2739475629203046, -0.04382781590235985, 0.02833324041593589]
rectification_matrix:
  rows: 3
  cols: 3
  data: [1, 0, 0, 0, 1, 0, 0, 0, 1]
projection_matrix:
  rows: 3
  cols: 4
  data: [587.8206787109375, 0, 931.2367454667547, 0, 0, 733.6327514648438, 598.6645600277152, 0, 0, 0, 1, 0]