cam0:
  cam_overlaps: [1]
  camera_model: pinhole
  distortion_coeffs: [-0.3670712458406475, 0.1161082353171072, -0.0016712499944856705,
    0.004489502410719194]
  distortion_model: radtan
  intrinsics: [600.9318077391478, 594.8955289550555, 343.96339099607707, 232.8715250398961]
  resolution: [752, 480]
  rostopic: /stereo/left/image_raw
cam1:
  T_cn_cnm1:
  - [0.9998252630743866, 0.012774061116210012, -0.013647955188725622, -0.11654051278278131]
  - [-0.012913944825072696, 0.9998644742364301, -0.010210934774184659, 2.8163313817463922e-05]
  - [0.013515670434318429, 0.010385399487116843, 0.9998547245126185, 6.960547054156901e-05]
  - [0.0, 0.0, 0.0, 1.0]
  cam_overlaps: [0]
  camera_model: pinhole
  distortion_coeffs: [-0.3796192833385402, 0.13822857658127258, -0.0023376882773104477,
    0.0011386214623787987]
  distortion_model: radtan
  intrinsics: [602.9756373834722, 596.9928196764231, 374.7294950951875, 253.79042482781492]
  resolution: [752, 480]
  rostopic: /stereo/right/image_raw
