image_width: 752
image_height: 480
camera_name: mv_25001206
camera_matrix:
  rows: 3
  cols: 3
  data: [618.738284009103, 0, 366.182694390969, 0, 619.6362264158986, 217.2353147634367, 0, 0, 1]
distortion_model: plumb_bob
distortion_coefficients:
  rows: 1
  cols: 5
  data: [-0.3994489745458977, 0.1704690649214035, -0.0003036278600777869, -0.002451245576377627, 0]
rectification_matrix:
  rows: 3
  cols: 3
  data: [0.9999179054658643, 0.0120521615205787, -0.004350601273469798, -0.01206539340062232, 0.9999226255567066, -0.003028065697886174, 0.004313769911232422, 0.003080308826137038, 0.9999859514446633]
projection_matrix:
  rows: 3
  cols: 4
  data: [592.2106632478892, 0, 371.4579849243164, -88.629729053113, 0, 592.2106632478892, 220.9632568359375, 0, 0, 0, 1, 0]