image_width: 1280
image_height: 960
camera_name: mv_29900130
camera_matrix:
  rows: 3
  cols: 3
  data: [986.9106204065732, 0, 659.4532196097512, 0, 988.8255508875153, 474.6710644096248, 0, 0, 1]
distortion_model: plumb_bob
distortion_coefficients:
  rows: 1
  cols: 5
  data: [-0.3834552248169791, 0.1411532756257341, 0.0004308448902079156, -0.0002890546871762201, 0]
rectification_matrix:
  rows: 3
  cols: 3
  data: [1, 0, 0, 0, 1, 0, 0, 0, 1]
projection_matrix:
  rows: 3
  cols: 4
  data: [802.10693359375, 0, 667.1365498231899, 0, 0, 889.3422241210938, 473.3528114099427, 0, 0, 0, 1, 0]