image_width: 752
image_height: 480
camera_name: mv_25001185
camera_matrix:
  rows: 3
  cols: 3
  data: [617.6162333740886, 0, 382.4281349763467, 0, 618.8171707123139, 230.2479361379897, 0, 0, 1]
distortion_model: plumb_bob
distortion_coefficients:
  rows: 1
  cols: 5
  data: [-0.3975638151970443, 0.1780122375540099, 3.609671665390382e-06, 0.00151775730631109, 0]
rectification_matrix:
  rows: 3
  cols: 3
  data: [0.999684242869965, 0.02402451635560951, 0.007364589016629221, -0.02406499388268191, 0.9996954979621598, 0.005457785596365462, -0.007231225824940513, -0.005633291051282858, 0.9999579868199465]
projection_matrix:
  rows: 3
  cols: 4
  data: [463.3015683206674, 0, 373.332706451416, 0, 0, 463.3015683206674, 223.0259571075439, 0, 0, 0, 1, 0]