image_width: 752
image_height: 480
camera_name: mv_25001206
camera_matrix:
  rows: 3
  cols: 3
  data: [616.3555248818571, 0, 364.5121143141488, 0, 617.5337331923263, 219.7087018795181, 0, 0, 1]
distortion_model: plumb_bob
distortion_coefficients:
  rows: 1
  cols: 5
  data: [-0.3943384033484484, 0.1626563222029993, -0.001059433533959792, -0.001113942793747846, 0]
rectification_matrix:
  rows: 3
  cols: 3
  data: [0.9996864672267551, 0.02327304954433771, -0.009237554254053234, -0.02332392684256247, 0.9997131665377375, -0.005438665988350095, 0.009108330271381726, 0.005652416827945755, 0.999942542601159]
projection_matrix:
  rows: 3
  cols: 4
  data: [463.3015683206674, 0, 373.332706451416, -67.92906302428803, 0, 463.3015683206674, 223.0259571075439, 0, 0, 0, 1, 0]