image_width: 752
image_height: 480
camera_name: mv_25001185
camera_matrix:
  rows: 3
  cols: 3
  data: [618.4888983370288, 0, 384.9782516114399, 0, 619.3534530625891, 228.0277981789824, 0, 0, 1]
distortion_model: plumb_bob
distortion_coefficients:
  rows: 1
  cols: 5
  data: [-0.3974848398063244, 0.1707466082324491, 0.000315838545342907, -0.0002200581902093745, 0]
rectification_matrix:
  rows: 3
  cols: 3
  data: [0.9998016766735244, 0.0179082973132078, 0.008712072551995987, -0.01793482394298128, 0.9998347282994207, 0.002976268898822908, -0.008657332784625573, -0.003131928122672931, 0.9999576199096093]
projection_matrix:
  rows: 3
  cols: 4
  data: [592.2106632478892, 0, 371.4579849243164, 0, 0, 592.2106632478892, 220.9632568359375, 0, 0, 0, 1, 0]