image_width: 1280
image_height: 1024
camera_name: pg_13344889
camera_matrix:
  rows: 3
  cols: 3
  data: [690.5420520280276, 0, 616.0539557616177, 0, 693.7803771332967, 521.9982048205085, 0, 0, 1]
distortion_model: plumb_bob
distortion_coefficients:
  rows: 1
  cols: 5
  data: [-0.3182577338680095, 0.08907006318054245, 0.0004350414408418031, 0.0005471455393534046, 0]
rectification_matrix:
  rows: 3
  cols: 3
  data: [0.9993285695990649, 0.01894646074989738, 0.03135987257849414, -0.01911889877479445, 0.9998036531332981, 0.005207964184860602, -0.03125504267675785, -0.005804033628798576, 0.9994945900308365]
projection_matrix:
  rows: 3
  cols: 4
  data: [560.7611219490268, 0, 586.5318984985352, -48.1997026285978, 0, 560.7611219490268, 517.5240478515625, 0, 0, 0, 1, 0]