cam0:
  T_cam_imu:
  - [0.9999210480674977, -0.00048824550988774005, -0.012556243384012688, 0.06908103825836048]
  - [0.0003528061360104974, 0.9999417610257203, -0.01078656964058494, -0.0098067466750891]
  - [0.012560778615471307, 0.010781288100355628, 0.9998629859473096, -0.039295162385855203]
  - [0.0, 0.0, 0.0, 1.0]
  cam_overlaps: []
  camera_model: pinhole
  distortion_coeffs: [-0.3843050206599121, 0.1533591012629707, -0.001582079002208623,
    -0.0006682728787920276]
  distortion_model: radtan
  intrinsics: [611.0830642835655, 610.5911386773818, 349.92898621163795, 231.8454865716197]
  resolution: [752, 480]
  rostopic: /mv_25000855/image_raw
