cam0:
  cam_overlaps: []
  camera_model: pinhole
  distortion_coeffs: [-0.41149862938361276, 0.17881595184505417, 0.0005665471106250016,
    -0.0007687372008809686]
  distortion_model: radtan
  intrinsics: [646.4368927610903, 645.6059715614325, 372.54441459764547, 209.58137045753816]
  resolution: [752, 480]
  rostopic: /mv_25000855/image_raw
