cam0:
  cam_overlaps: []
  camera_model: pinhole
  distortion_coeffs: [-0.3843050206599121, 0.1533591012629707, -0.001582079002208623,
    -0.0006682728787920276]
  distortion_model: radtan
  intrinsics: [611.0830642835655, 610.5911386773818, 349.92898621163795, 231.8454865716197]
  resolution: [752, 480]
  rostopic: /mv_25000855/image_raw
