image_width: 752
image_height: 480
camera_name: bluefox2
camera_matrix:
  rows: 3
  cols: 3
  data: [627.054719929536, 0, 375.017202388312, 0, 628.410716615026, 253.195462651068, 0, 0, 1]
distortion_model: plumb_bob
distortion_coefficients:
  rows: 1
  cols: 5
  data: [-0.433951125150299, 0.189454658249122, 3.7215174664492e-05, 0.000751991465282883, 0]
rectification_matrix:
  rows: 3
  cols: 3
  data: [1, 0, 0, 0, 1, 0, 0, 0, 1]
projection_matrix:
  rows: 3
  cols: 4
  data: [515.490417480469, 0, 375.159183540782, 0, 0, 584.318298339844, 254.699245520103, 0, 0, 0, 1, 0]