image_width: 752
image_height: 480
camera_name: bluefox2
camera_matrix:
  rows: 3
  cols: 3
  data: [1001.21392388234, 0, 660.225299096851, 0, 1003.77545291798, 471.060786873236, 0, 0, 1]
distortion_model: plumb_bob
distortion_coefficients:
  rows: 1
  cols: 5
  data: [-0.402613254111307, 0.141556449406576, 0.000458769169963398, 0.00303266571317804, 0]
rectification_matrix:
  rows: 3
  cols: 3
  data: [1, 0, 0, 0, 1, 0, 0, 0, 1]
projection_matrix:
  rows: 3
  cols: 4
  data: [797.876831054688, 0, 677.675050033271, 0, 0, 903.536987304688, 470.953206864033, 0, 0, 0, 1, 0]