image_width: 752
image_height: 480
camera_name: bluefox2
camera_matrix:
  rows: 3
  cols: 3
  data: [995.381094044611, 0, 655.839050295726, 0, 997.322477336859, 479.376193944782, 0, 0, 1]
distortion_model: plumb_bob
distortion_coefficients:
  rows: 1
  cols: 5
  data: [-0.361889600750287, 0.108586399133162, 0.00718595092033908, 0.00767759443186928, 0]
rectification_matrix:
  rows: 3
  cols: 3
  data: [1, 0, 0, 0, 1, 0, 0, 0, 1]
projection_matrix:
  rows: 3
  cols: 4
  data: [795.800048828125, 0, 674.032255724174, 0, 0, 899.088562011719, 484.14698201705, 0, 0, 0, 1, 0]