image_width: 1280
image_height: 960
camera_name: pg_13344889
camera_matrix:
  rows: 3
  cols: 3
  data: [687.2061105658146, 0, 624.9645888528943, 0, 688.3893220763993, 491.1549373910557, 0, 0, 1]
distortion_model: rational_polynomial
distortion_coefficients:
  rows: 1
  cols: 8
  data: [0.1229961039923267, -0.008927192315817931, -6.151962758647521e-05, 0.0003501438787732132, 0.008876502992458435, 0.4884614663171496, -0.05153787900867791, 0.02329360860472809]
rectification_matrix:
  rows: 3
  cols: 3
  data: [1, 0, 0, 0, 1, 0, 0, 0, 1]
projection_matrix:
  rows: 3
  cols: 4
  data: [452.6869506835938, 0, 611.3873411630193, 0, 0, 558.4419555664062, 495.8359494687102, 0, 0, 0, 1, 0]