image_width: 752
image_height: 480
camera_name: mv_25001206
camera_matrix:
  rows: 3
  cols: 3
  data: [617.0227934826607, 0, 365.3203789736563, 0, 617.968603479354, 221.7414579216037, 0, 0, 1]
distortion_model: plumb_bob
distortion_coefficients:
  rows: 1
  cols: 5
  data: [-0.3917000290197235, 0.1593169919058363, -0.0009637261590792275, -0.001272621797174602, 0]
rectification_matrix:
  rows: 3
  cols: 3
  data: [0.9998120571249229, 0.00545570781513085, -0.01860337818423904, -0.005509072478871512, 0.9999808528887433, -0.002818506044719921, 0.01858764503783203, 0.00292046368535929, 0.9998229695020064]
projection_matrix:
  rows: 3
  cols: 4
  data: [581.3199438304074, 0, 385.1370124816895, -82.98989802080027, 0, 581.3199438304074, 221.9129619598389, 0, 0, 0, 1, 0]