# Camera spectral calibration
# Camera: 29900130
# Generated on: 2014-07-24T11:53:23

camera_serial: 29900130
camera_exposure: 2000
calibration_date: 2014-07-24T11:53:23
slope: 0.7597640646706457
intercept: 0.001714427518958311
squared_error: 9.740796126898235e-06
spectrometer_pose:
  position: [0.02652938057256245, 0.03840960711448926, -0.002286970234764762]
  direction: [0.003777042729780078, 0.0568370632827282, 0.9983763098716736]
  fov: 0.06413303242360803
  squared_error: 6.691756250498998e-07
filter_profile:
  name: Newport 800nm Narrowpass Filter
  center: 800
  fwhm: 12
  min_peak_transmission: 0.45
  spectrum:
    wavelengths: [781, 781.5, 782, 782.5, 783, 783.5, 784, 784.5, 785, 785.5, 786, 786.5, 787, 787.5, 788, 788.5, 789, 789.5, 790, 790.5, 791, 791.5, 792, 792.5, 793, 793.5, 794, 794.5, 795, 795.5, 796, 796.5, 797, 797.5, 798, 798.5, 799, 799.5, 800, 800.5, 801, 801.5, 802, 802.5, 803, 803.5, 804, 804.5, 805, 805.5, 806, 806.5, 807, 807.5, 808, 808.5, 809, 809.5, 810, 810.5, 811, 811.5, 812, 812.5, 813, 813.5, 814, 814.5, 815, 815.5, 816, 816.5, 817, 817.5, 818, 818.5, 819]
    intensities: [0, 0, 0, 0, 0, 0, 0, 0, 0, 0, 0, 0, 0, 0, 0, 0, 0, 0, 0, 0, 0.021168, 0.048187, 0.077165, 0.107725, 0.139452, 0.171899, 0.204592, 0.237044, 0.26876, 0.299248, 0.328029, 0.354643, 0.378662, 0.399696, 0.4174, 0.431483, 0.441713, 0.44792, 0.5, 0.44792, 0.441713, 0.431483, 0.4174, 0.399696, 0.378662, 0.354643, 0.328029, 0.299248, 0.26876, 0.237044, 0.204592, 0.171899, 0.139452, 0.107725, 0.077165, 0.048187, 0.021168, 0, 0, 0, 0, 0, 0, 0, 0, 0, 0, 0, 0, 0, 0, 0, 0, 0, 0, 0, 0]